// Game: Generic
// Format: Standard
// entity 0
{
"classname" "worldspawn"
"_tb_textures" "textures/test"
// brush 0
{
( -64 64 16 ) ( -64 -64 16 ) ( -64 -64 -16 ) test/goal_texture 0 -32 0 1 1
( -64 -64 16 ) ( 0 -64 16 ) ( 0 -64 -16 ) test/goal_texture 0 0 0 1 1
( 0 -64 -16 ) ( 0 64 -16 ) ( -64 64 -16 ) test/goal_texture 0 0 0 1 1
( -64 64 16 ) ( 0 64 16 ) ( 0 -64 16 ) test/goal_texture 0 0 0 1 1
( 0 64 -16 ) ( 0 64 16 ) ( -64 64 16 ) test/goal_texture 0 0 0 1 1
( 0 -64 16 ) ( 0 64 16 ) ( 0 64 -16 ) test/goal_texture 0 0 0 1 1
}
// brush 1
{
( -64 -32 112 ) ( -64 -64 112 ) ( -64 -64 16 ) test/goal_texture 0 -32 0 1 1
( -64 -64 112 ) ( 0 -64 112 ) ( 0 -64 16 ) test/goal_texture 0 0 0 1 1
( 0 -64 16 ) ( 0 -32 16 ) ( -64 -32 16 ) test/goal_texture 0 0 0 1 1
( -64 -32 112 ) ( 0 -32 112 ) ( 0 -64 112 ) test/goal_texture 0 0 0 1 1
( 0 -32 16 ) ( 0 -32 112 ) ( -64 -32 112 ) test/goal_texture 0 0 0 1 1
( 0 -64 112 ) ( 0 -32 112 ) ( 0 -32 16 ) test/goal_texture 0 0 0 1 1
}
// brush 2
{
( -64 64 112 ) ( -64 32 112 ) ( -64 32 16 ) test/goal_texture 0 -32 0 1 1
( -64 32 112 ) ( 0 32 112 ) ( 0 32 16 ) test/goal_texture 0 0 0 1 1
( 0 32 16 ) ( 0 64 16 ) ( -64 64 16 ) test/goal_texture 0 0 0 1 1
( -64 64 112 ) ( 0 64 112 ) ( 0 32 112 ) test/goal_texture 0 0 0 1 1
( 0 64 16 ) ( 0 64 112 ) ( -64 64 112 ) test/goal_texture 0 0 0 1 1
( 0 32 112 ) ( 0 64 112 ) ( 0 64 16 ) test/goal_texture 0 0 0 1 1
}
// brush 3
{
( -64 64 144 ) ( -64 -64 144 ) ( -64 -64 112 ) test/goal_texture 0 -32 0 1 1
( -64 -64 144 ) ( 0 -64 144 ) ( 0 -64 112 ) test/goal_texture 0 0 0 1 1
( 0 -64 112 ) ( 0 64 112 ) ( -64 64 112 ) test/goal_texture 0 0 0 1 1
( -64 64 144 ) ( 0 64 144 ) ( 0 -64 144 ) test/goal_texture 0 0 0 1 1
( 0 64 112 ) ( 0 64 144 ) ( -64 64 144 ) test/goal_texture 0 0 0 1 1
( 0 -64 144 ) ( 0 64 144 ) ( 0 64 112 ) test/goal_texture 0 0 0 1 1
}
// brush 4
{
( 0 48 16 ) ( 0 -48 16 ) ( 0 -48 0 ) test/goal_texture 0 0 0 1 1
( 320 -48 -48 ) ( 320 48 -48 ) ( 0 48 0 ) test/goal_texture 0 0 0 1 1
( 0 -48 16 ) ( 320 -48 -32 ) ( 320 -48 -48 ) test/goal_texture 0 0 0 1 1
( 320 48 -48 ) ( 320 48 -32 ) ( 0 48 16 ) test/goal_texture 0 0 0 1 1
( 0 48 16 ) ( 320 48 -32 ) ( 320 -48 -32 ) test/goal_texture 0 0 0 1 1
( 320 -48 -32 ) ( 320 48 -32 ) ( 320 48 -48 ) test/goal_texture -32 0 0 1 1
}
// brush 5
{
( 0 48 128 ) ( 0 -48 128 ) ( 0 -48 112 ) test/wall_2 0 0 0 1 1
( 320 -48 64 ) ( 320 48 64 ) ( 0 48 112 ) test/wall_2 0 0 0 1 1
( 0 -48 128 ) ( 320 -48 80 ) ( 320 -48 64 ) test/wall_2 0 0 0 1 1
( 320 48 64 ) ( 320 48 80 ) ( 0 48 128 ) test/wall_2 0 0 0 1 1
( 0 48 128 ) ( 320 48 80 ) ( 320 -48 80 ) test/wall_2 0 0 0 1 1
( 320 -48 80 ) ( 320 48 80 ) ( 320 48 64 ) test/wall_2 -32 0 0 1 1
}
// brush 6
{
( 0 48 112 ) ( 0 32 112 ) ( 0 32 16 ) test/wall_2 0 0 0 1 1
( 0 48 16 ) ( 0 32 16 ) ( 320 48 -32 ) test/wall_2 0 0 0 1 1
( 320 64 -32 ) ( 320 64 64 ) ( 0 48 112 ) test/wall_2 0 0 0 1 1
( 0 32 112 ) ( 320 48 64 ) ( 320 48 -32 ) test/wall_2 0 0 0 1 1
( 0 48 112 ) ( 320 64 64 ) ( 320 48 64 ) test/wall_2 0 0 0 1 1
( 320 48 64 ) ( 320 64 64 ) ( 320 64 -32 ) test/wall_2 -32 0 0 1 1
}
// brush 7
{
( 0 -32 112 ) ( 0 -48 112 ) ( 0 -48 16 ) test/wall_2 0 0 0 1 1
( 0 -32 16 ) ( 0 -48 16 ) ( 320 -48 -32 ) test/wall_2 0 0 0 1 1
( 0 -48 112 ) ( 320 -48 64 ) ( 320 -48 -32 ) test/wall_2 0 0 0 1 1
( 320 -32 -32 ) ( 320 -32 64 ) ( 0 -32 112 ) test/wall_2 0 0 0 1 1
( 0 -32 112 ) ( 320 -32 64 ) ( 320 -48 64 ) test/wall_2 0 0 0 1 1
( 320 -48 64 ) ( 320 -32 64 ) ( 320 -32 -32 ) test/wall_2 -32 0 0 1 1
}
// brush 8
{
( 320 64 64 ) ( 320 48 64 ) ( 320 48 -32 ) test/wall_2 0 0 0 1 1
( 320 48 64 ) ( 464 48 64 ) ( 464 48 -32 ) test/wall_2 0 0 0 1 1
( 464 48 -32 ) ( 464 64 -32 ) ( 320 64 -32 ) test/wall_2 0 0 0 1 1
( 320 64 64 ) ( 464 64 64 ) ( 464 48 64 ) test/wall_2 0 0 0 1 1
( 464 64 -32 ) ( 464 64 64 ) ( 320 64 64 ) test/wall_2 0 0 0 1 1
( 464 48 64 ) ( 464 64 64 ) ( 464 64 -32 ) test/wall_2 0 0 0 1 1
}
// brush 9
{
( 320 -32 64 ) ( 320 -48 64 ) ( 320 -48 -32 ) test/wall_2 0 0 0 1 1
( 320 -48 64 ) ( 480 -48 64 ) ( 480 -48 -32 ) test/wall_2 0 0 0 1 1
( 480 -48 -32 ) ( 480 -32 -32 ) ( 320 -32 -32 ) test/wall_2 0 0 0 1 1
( 320 -32 64 ) ( 480 -32 64 ) ( 480 -48 64 ) test/wall_2 0 0 0 1 1
( 480 -32 -32 ) ( 480 -32 64 ) ( 320 -32 64 ) test/wall_2 0 0 0 1 1
( 480 -48 64 ) ( 480 -32 64 ) ( 480 -32 -32 ) test/wall_2 0 0 0 1 1
}
// brush 10
{
( 320 64 80 ) ( 320 -48 80 ) ( 320 -48 64 ) test/wall_2 0 0 0 1 1
( 320 -48 80 ) ( 464 -48 80 ) ( 464 -48 64 ) test/wall_2 0 0 0 1 1
( 464 -48 64 ) ( 464 64 64 ) ( 320 64 64 ) test/wall_2 0 0 0 1 1
( 320 64 80 ) ( 464 64 80 ) ( 464 -48 80 ) test/wall_2 0 0 0 1 1
( 464 64 64 ) ( 464 64 80 ) ( 320 64 80 ) test/wall_2 0 0 0 1 1
( 464 -48 80 ) ( 464 64 80 ) ( 464 64 64 ) test/wall_2 0 0 0 1 1
}
// brush 11
{
( 320 48 -32 ) ( 320 -32 -32 ) ( 320 -32 -48 ) test/goal_texture 0 0 0 1 1
( 320 -32 -32 ) ( 464 -32 -32 ) ( 464 -32 -48 ) test/goal_texture 0 0 0 1 1
( 464 -32 -48 ) ( 464 48 -48 ) ( 320 48 -48 ) test/goal_texture 0 0 0 1 1
( 320 48 -32 ) ( 464 48 -32 ) ( 464 -32 -32 ) test/goal_texture 0 0 0 1 1
( 464 48 -48 ) ( 464 48 -32 ) ( 320 48 -32 ) test/goal_texture 0 0 0 1 1
( 464 -32 -32 ) ( 464 48 -32 ) ( 464 48 -48 ) test/goal_texture 0 0 0 1 1
}
// brush 12
{
( 464 48 64 ) ( 464 -32 64 ) ( 464 -32 -32 ) test/wall_2 0 0 0 1 1
( 464 -32 64 ) ( 480 -32 64 ) ( 480 -32 -32 ) test/wall_2 0 0 0 1 1
( 480 -32 -32 ) ( 480 48 -32 ) ( 464 48 -32 ) test/wall_2 0 0 0 1 1
( 464 48 64 ) ( 480 48 64 ) ( 480 -32 64 ) test/wall_2 0 0 0 1 1
( 480 48 -32 ) ( 480 48 64 ) ( 464 48 64 ) test/wall_2 0 0 0 1 1
( 480 -32 64 ) ( 480 48 64 ) ( 480 48 -32 ) test/wall_2 0 0 0 1 1
}
// brush 13
{
( 400 0 -24 ) ( 392 0 -32 ) ( 392 16 -32 ) test/steel -8 0 0 1 1
( 400 0 -24 ) ( 408 -8 -24 ) ( 408 -16 -32 ) test/steel -18.666687 22.666666 0 1 1
( 392 16 -32 ) ( 408 32 -32 ) ( 408 24 -24 ) test/steel 0 9.333336 0 1 1
( 408 -8 -24 ) ( 424 -8 -24 ) ( 424 -16 -32 ) test/steel 0 16 0 1 1
( 440 0 -32 ) ( 440 16 -32 ) ( 424 32 -32 ) test/steel 0 0 0 1 1
( 424 24 -24 ) ( 432 16 -24 ) ( 432 0 -24 ) test/defout_floor_b 0 8 0 1 1
( 408 32 -32 ) ( 424 32 -32 ) ( 424 24 -24 ) test/steel 0 16 0 1 1
( 432 0 -24 ) ( 440 0 -32 ) ( 424 -16 -32 ) test/steel -16 22.666666 0 1 1
( 432 16 -24 ) ( 424 24 -24 ) ( 424 32 -32 ) test/steel -29.333313 9.333336 0 1 1
( 432 16 -24 ) ( 440 16 -32 ) ( 440 0 -32 ) test/steel -8 0 0 1 1
}
// brush 14
{
( -48 32 112 ) ( -48 -32 112 ) ( -48 -32 16 ) test/metalic_door 16 0 0 -2 2
( -48 -32 112 ) ( -32 -32 112 ) ( -32 -32 16 ) test/steel 0 0 0 1 1
( -32 -32 16 ) ( -32 32 16 ) ( -48 32 16 ) test/steel 0 0 0 1 1
( -48 32 112 ) ( -32 32 112 ) ( -32 -32 112 ) test/steel 0 0 0 1 1
( -32 32 16 ) ( -32 32 112 ) ( -48 32 112 ) test/steel 0 0 0 1 1
( -32 -32 112 ) ( -32 32 112 ) ( -32 32 16 ) test/steel 0 0 0 1 1
}
}
