// Game: Generic
// Format: Standard
// entity 0
{
"classname" "worldspawn"
"_tb_textures" "textures/test"
// brush 0
{
( -64 64 16 ) ( -64 -240 16 ) ( -64 -240 -16 ) test/wall 0 0 0 1 1
( -64 -240 16 ) ( 64 -240 16 ) ( 64 -240 -16 ) test/wall 0 0 0 1 1
( 64 -240 -16 ) ( 64 64 -16 ) ( -64 64 -16 ) test/wall 0 0 0 1 1
( -64 64 16 ) ( 64 64 16 ) ( 64 -240 16 ) test/wall 0 0 0 1 1
( 64 64 -16 ) ( 64 64 16 ) ( -64 64 16 ) test/wall 0 0 0 1 1
( 64 -240 16 ) ( 64 64 16 ) ( 64 64 -16 ) test/wall 0 0 0 1 1
}
// brush 1
{
( -64 64 16 ) ( -64 -240 16 ) ( -64 -240 -176 ) test/wall 0 0 0 1 1
( -64 -240 16 ) ( 64 -240 16 ) ( 64 -240 -176 ) test/wall 0 0 0 1 1
( 64 -240 -176 ) ( 64 64 -176 ) ( -64 64 -176 ) test/wall 0 0 0 1 1
( -64 64 16 ) ( 64 64 16 ) ( 64 -240 16 ) test/wall 0 0 0 1 1
( 64 64 -176 ) ( 64 64 16 ) ( -64 64 16 ) test/wall 0 0 0 1 1
( 64 -240 16 ) ( 64 64 16 ) ( 64 64 -176 ) test/wall 0 0 0 1 1
}
// brush 2
{
( -64 -384 16 ) ( -64 -688 16 ) ( -64 -688 -176 ) test/wall 0 0 0 1 1
( -64 -688 16 ) ( 64 -688 16 ) ( 64 -688 -176 ) test/wall 0 0 0 1 1
( 64 -688 -176 ) ( 64 -384 -176 ) ( -64 -384 -176 ) test/wall 0 0 0 1 1
( -64 -384 16 ) ( 64 -384 16 ) ( 64 -688 16 ) test/wall 0 0 0 1 1
( 64 -384 -176 ) ( 64 -384 16 ) ( -64 -384 16 ) test/wall 0 0 0 1 1
( 64 -688 16 ) ( 64 -384 16 ) ( 64 -384 -176 ) test/wall 0 0 0 1 1
}
// brush 3
{
( -80 64 160 ) ( -80 -688 160 ) ( -80 -688 -176 ) test/wall 0 0 0 1 1
( -80 -688 160 ) ( -64 -688 160 ) ( -64 -688 -176 ) test/wall 0 0 0 1 1
( -64 -688 -176 ) ( -64 64 -176 ) ( -80 64 -176 ) test/wall 0 0 0 1 1
( -80 64 160 ) ( -64 64 160 ) ( -64 -688 160 ) test/wall 0 0 0 1 1
( -64 64 -176 ) ( -64 64 160 ) ( -80 64 160 ) test/wall 0 0 0 1 1
( -64 -688 160 ) ( -64 64 160 ) ( -64 64 -176 ) test/wall 0 0 0 1 1
}
// brush 4
{
( 64 64 160 ) ( 64 -688 160 ) ( 64 -688 -176 ) test/wall 0 0 0 1 1
( 64 -688 160 ) ( 80 -688 160 ) ( 80 -688 -176 ) test/wall -16 0 0 1 1
( 80 -688 -176 ) ( 80 64 -176 ) ( 64 64 -176 ) test/wall -16 0 0 1 1
( 64 64 160 ) ( 80 64 160 ) ( 80 -688 160 ) test/wall -16 0 0 1 1
( 80 64 -176 ) ( 80 64 160 ) ( 64 64 160 ) test/wall -16 0 0 1 1
( 80 -688 160 ) ( 80 64 160 ) ( 80 64 -176 ) test/wall 0 0 0 1 1
}
// brush 5
{
( -64 64 160 ) ( -64 48 160 ) ( -64 48 16 ) test/wall 0 0 0 1 1
( -64 48 160 ) ( 64 48 160 ) ( 64 48 16 ) test/wall 0 0 0 1 1
( -64 64 160 ) ( 64 64 160 ) ( 64 48 160 ) test/wall 0 0 0 1 1
( 64 48 16 ) ( 64 64 144 ) ( -64 64 144 ) test/wall 0 0 0 1 1
( 64 64 144 ) ( 64 64 160 ) ( -64 64 160 ) test/wall 0 0 0 1 1
( 64 48 160 ) ( 64 64 160 ) ( 64 64 144 ) test/wall 0 0 0 1 1
}
// brush 6
{
( -64 48 160 ) ( -64 -688 160 ) ( -64 -688 144 ) test/wall 0 0 0 1 1
( -64 -688 160 ) ( 64 -688 160 ) ( 64 -688 144 ) test/wall 0 0 0 1 1
( 64 -688 144 ) ( 64 48 144 ) ( -64 48 144 ) test/wall 0 0 0 1 1
( -64 48 160 ) ( 64 48 160 ) ( 64 -688 160 ) test/wall 0 0 0 1 1
( 64 48 144 ) ( 64 48 160 ) ( -64 48 160 ) test/wall 0 0 0 1 1
( 64 -688 160 ) ( 64 48 160 ) ( 64 48 144 ) test/wall 0 0 0 1 1
}
}
