// Game: Generic
// Format: Standard
// entity 0
{
"classname" "worldspawn"
"_tb_textures" "textures/test"
// brush 0
{
( -64 -80 16 ) ( -64 -288 16 ) ( -64 -288 -320 ) test/wall_2 0 0 0 1 1
( -64 -288 16 ) ( 64 -288 16 ) ( 64 -288 -320 ) test/wall_2 0 0 0 1 1
( 64 -288 -320 ) ( 64 -80 -320 ) ( -64 -80 -320 ) test/wall_2 0 0 0 1 1
( -64 -80 16 ) ( 64 -80 16 ) ( 64 -288 16 ) test/steel 0 0 0 1 1
( 64 -80 -320 ) ( 64 -80 16 ) ( -64 -80 16 ) test/wall_2 0 0 0 1 1
( 64 -288 16 ) ( 64 -80 16 ) ( 64 -80 -320 ) test/wall_2 0 0 0 1 1
}
// brush 1
{
( 64 160 576 ) ( 64 -288 576 ) ( 64 -288 -320 ) test/wall_2 0 0 0 1 1
( 64 -288 576 ) ( 80 -288 576 ) ( 80 -288 -320 ) test/wall_2 0 0 0 1 1
( 80 -288 -320 ) ( 80 160 -320 ) ( 64 160 -320 ) test/wall_2 0 0 0 1 1
( 64 160 576 ) ( 80 160 576 ) ( 80 -288 576 ) test/wall_2 0 0 0 1 1
( 80 160 -320 ) ( 80 160 576 ) ( 64 160 576 ) test/wall_2 0 0 0 1 1
( 80 -288 576 ) ( 80 160 576 ) ( 80 160 -320 ) test/wall_2 0 0 0 1 1
}
// brush 2
{
( -64 160 576 ) ( -64 -288 576 ) ( -64 -288 144 ) test/wall_2 0 0 0 1 1
( -64 -288 576 ) ( 64 -288 576 ) ( 64 -288 144 ) test/wall_2 0 0 0 1 1
( -64 160 576 ) ( 64 160 576 ) ( 64 -288 576 ) test/wall_2 0 0 0 1 1
( 64 -288 144 ) ( 64 160 384 ) ( -64 160 384 ) test/wall_2 0 0 0 1 1
( 64 160 384 ) ( 64 160 576 ) ( -64 160 576 ) test/wall_2 0 0 0 1 1
( 64 -288 576 ) ( 64 160 576 ) ( 64 160 384 ) test/wall_2 0 0 0 1 1
}
// brush 3
{
( -64 304 576 ) ( -64 288 576 ) ( -64 288 -320 ) test/wall_2 0 0 0 1 1
( -64 288 576 ) ( 592 288 576 ) ( 592 288 -320 ) test/wall_2 0 0 0 1 1
( 592 288 -320 ) ( 592 304 -320 ) ( -64 304 -320 ) test/wall_2 0 0 0 1 1
( -64 304 576 ) ( 592 304 576 ) ( 592 288 576 ) test/wall_2 0 0 0 1 1
( 592 304 -320 ) ( 592 304 576 ) ( -64 304 576 ) test/wall_2 0 0 0 1 1
( 592 288 576 ) ( 592 304 576 ) ( 592 304 -320 ) test/wall_2 0 0 0 1 1
}
// brush 4
{
( 80 160 576 ) ( 80 144 576 ) ( 80 144 -320 ) test/wall_2 0 0 0 1 1
( 80 144 576 ) ( 592 144 576 ) ( 592 144 -320 ) test/wall_2 0 0 0 1 1
( 592 144 -320 ) ( 592 160 -320 ) ( 80 160 -320 ) test/wall_2 0 0 0 1 1
( 80 160 576 ) ( 592 160 576 ) ( 592 144 576 ) test/wall_2 0 0 0 1 1
( 592 160 -320 ) ( 592 160 576 ) ( 80 160 576 ) test/wall_2 0 0 0 1 1
( 592 144 576 ) ( 592 160 576 ) ( 592 160 -320 ) test/wall_2 0 0 0 1 1
}
// brush 5
{
( 320 288 224 ) ( 320 160 224 ) ( 320 160 -320 ) test/wall_2 0 0 0 1 1
( 320 160 224 ) ( 576 160 224 ) ( 576 160 -320 ) test/wall_2 0 0 0 1 1
( 576 160 -320 ) ( 576 288 -320 ) ( 320 288 -320 ) test/wall_2 0 0 0 1 1
( 320 288 224 ) ( 576 288 224 ) ( 576 160 224 ) test/steel 0 0 0 1 1
( 576 288 -320 ) ( 576 288 224 ) ( 320 288 224 ) test/wall_2 0 0 0 1 1
( 576 160 224 ) ( 576 288 224 ) ( 576 288 -320 ) test/wall_2 0 0 0 1 1
}
// brush 6
{
( -64 288 576 ) ( -64 160 576 ) ( -64 160 560 ) test/wall_2 0 0 0 1 1
( -64 160 576 ) ( 592 160 576 ) ( 592 160 560 ) test/wall_2 0 0 0 1 1
( 592 160 560 ) ( 592 288 560 ) ( -64 288 560 ) test/wall_2 0 0 0 1 1
( -64 288 576 ) ( 592 288 576 ) ( 592 160 576 ) test/wall_2 0 0 0 1 1
( 592 288 560 ) ( 592 288 576 ) ( -64 288 576 ) test/wall_2 0 0 0 1 1
( 592 160 576 ) ( 592 288 576 ) ( 592 288 560 ) test/wall_2 0 0 0 1 1
}
// brush 7
{
( 576 288 560 ) ( 576 160 560 ) ( 576 160 -320 ) test/wall_2 0 0 0 1 1
( 576 160 560 ) ( 592 160 560 ) ( 592 160 -320 ) test/wall_2 0 0 0 1 1
( 592 160 -320 ) ( 592 288 -320 ) ( 576 288 -320 ) test/wall_2 0 0 0 1 1
( 576 288 560 ) ( 592 288 560 ) ( 592 160 560 ) test/wall_2 0 0 0 1 1
( 592 288 -320 ) ( 592 288 560 ) ( 576 288 560 ) test/wall_2 0 0 0 1 1
( 592 160 560 ) ( 592 288 560 ) ( 592 288 -320 ) test/wall_2 0 0 0 1 1
}
// brush 8
{
( -80 304 576 ) ( -80 -64 576 ) ( -80 -64 -320 ) test/wall_2 0 0 0 1 1
( -64 208 16 ) ( -64 208 48 ) ( 64 208 48 ) test/wall_2 0 0 0 1 1
( -64 160 64 ) ( -64 192 96 ) ( 64 192 96 ) test/wall_2 0 0 0 1 1
( -64 256 80 ) ( -64 208 80 ) ( 64 208 80 ) test/wall_2 0 0 0 1 1
( -64 256 80 ) ( -64 256 48 ) ( 64 256 48 ) test/wall_2 0 0 0 1 1
( -64 -64 576 ) ( -64 304 576 ) ( -64 304 -320 ) test/wall_2 0 0 0 1 1
}
// brush 9
{
( -80 304 576 ) ( -80 -64 576 ) ( -80 -64 -320 ) test/wall_2 0 0 0 1 1
( -64 208 16 ) ( -64 208 48 ) ( 64 208 48 ) test/wall_2 0 0 0 1 1
( -80 304 576 ) ( -64 304 576 ) ( -64 -64 576 ) test/wall_2 0 0 0 1 1
( -64 160 64 ) ( 64 192 96 ) ( -64 192 96 ) test/wall_2 0 0 0 1 1
( -64 256 80 ) ( -64 256 48 ) ( 64 256 48 ) test/wall_2 0 0 0 1 1
( -64 -64 576 ) ( -64 304 576 ) ( -64 304 -320 ) test/wall_2 0 0 0 1 1
}
// brush 10
{
( -80 -288 288 ) ( -80 -288 80 ) ( -80 144 80 ) test/wall_2 0 0 0 1 1
( -80 -288 288 ) ( -64 -288 288 ) ( -64 -288 80 ) test/wall_2 0 0 0 1 1
( -64 -288 80 ) ( -64 144 80 ) ( -80 144 80 ) test/wall_2 0 0 0 1 1
( -64 -288 288 ) ( -80 -288 288 ) ( -80 144 80 ) test/wall_2 0 0 0 1 1
( -64 -288 288 ) ( -64 144 80 ) ( -64 -288 80 ) test/wall_2 0 0 0 1 1
}
// brush 11
{
( -80 304 576 ) ( -80 -64 576 ) ( -80 -64 -320 ) test/steel 0 0 0 1 1
( -64 160 64 ) ( -64 192 96 ) ( 64 192 96 ) test/steel 0 0 0 1 1
( -64 256 80 ) ( -64 208 80 ) ( 64 208 80 ) test/steel 0 0 0 1 1
( -64 208 16 ) ( 64 208 48 ) ( -64 208 48 ) test/steel 0 0 0 1 1
( -64 -64 576 ) ( -64 304 576 ) ( -64 304 -320 ) test/steel 0 0 0 1 1
}
// brush 12
{
( -80 208 576 ) ( -80 -288 576 ) ( -80 -288 288 ) test/wall_2 0 0 0 1 1
( -80 -288 576 ) ( -64 -288 576 ) ( -64 -288 288 ) test/wall_2 0 0 0 1 1
( -64 -288 288 ) ( -64 144 80 ) ( -80 144 80 ) test/wall_2 0 0 0 1 1
( -64 144 80 ) ( -64 176 80 ) ( -80 176 80 ) test/wall_2 0 0 0 1 1
( -80 208 576 ) ( -64 208 576 ) ( -64 -288 576 ) test/wall_2 0 0 0 1 1
( -64 176 80 ) ( -64 208 112 ) ( -80 208 112 ) test/wall_2 0 0 0 1 1
( -64 208 112 ) ( -64 208 576 ) ( -80 208 576 ) test/wall_2 0 0 0 1 1
( -64 -288 576 ) ( -64 208 576 ) ( -64 208 112 ) test/wall_2 0 0 0 1 1
}
// brush 13
{
( -80 304 576 ) ( -80 -64 576 ) ( -80 -64 -320 ) test/wall_2 0 0 0 1 1
( -64 256 80 ) ( 64 256 48 ) ( -64 256 48 ) test/wall_2 0 0 0 1 1
( -64 160 64 ) ( -64 192 96 ) ( 64 192 96 ) test/wall_2 0 0 0 1 1
( -64 256 80 ) ( -64 208 80 ) ( 64 208 80 ) test/wall_2 0 0 0 1 1
( -64 304 -320 ) ( -64 304 576 ) ( -80 304 576 ) test/wall_2 0 0 0 1 1
( -64 -64 576 ) ( -64 304 576 ) ( -64 304 -320 ) test/wall_2 0 0 0 1 1
}
// brush 14
{
( -80 304 576 ) ( -80 -64 576 ) ( -80 -64 -320 ) test/wall_2 0 0 0 1 1
( -64 256 80 ) ( 64 256 48 ) ( -64 256 48 ) test/wall_2 0 0 0 1 1
( -80 304 576 ) ( -64 304 576 ) ( -64 -64 576 ) test/wall_2 0 0 0 1 1
( -64 160 64 ) ( 64 192 96 ) ( -64 192 96 ) test/wall_2 0 0 0 1 1
( -64 304 -320 ) ( -64 304 576 ) ( -80 304 576 ) test/wall_2 0 0 0 1 1
( -64 -64 576 ) ( -64 304 576 ) ( -64 304 -320 ) test/wall_2 0 0 0 1 1
}
// brush 15
{
( -80 304 576 ) ( -80 -64 576 ) ( -80 -64 -320 ) test/wall_2 0 0 0 1 1
( -64 208 16 ) ( -64 208 48 ) ( 64 208 48 ) test/wall_2 0 0 0 1 1
( -64 -64 -320 ) ( -64 304 -320 ) ( -80 304 -320 ) test/wall_2 0 0 0 1 1
( -64 160 64 ) ( -64 176 48 ) ( 64 176 48 ) test/wall_2 0 0 0 1 1
( -64 256 80 ) ( -64 256 48 ) ( 64 256 48 ) test/wall_2 0 0 0 1 1
( -64 -64 576 ) ( -64 304 576 ) ( -64 304 -320 ) test/wall_2 0 0 0 1 1
}
// brush 16
{
( -80 304 576 ) ( -80 -64 576 ) ( -80 -64 -320 ) test/wall_2 0 0 0 1 1
( -64 208 16 ) ( -64 208 48 ) ( 64 208 48 ) test/wall_2 0 0 0 1 1
( -64 160 64 ) ( 64 176 48 ) ( -64 176 48 ) test/wall_2 0 0 0 1 1
( -64 208 48 ) ( -64 256 48 ) ( 64 256 48 ) test/wall_2 0 0 0 1 1
( -64 256 80 ) ( -64 256 48 ) ( 64 256 48 ) test/wall_2 0 0 0 1 1
( -64 -64 576 ) ( -64 304 576 ) ( -64 304 -320 ) test/wall_2 0 0 0 1 1
}
// brush 17
{
( -80 208 16 ) ( -80 176 48 ) ( -80 144 48 ) test/wall_2 0 0 0 1 1
( -80 -288 -160 ) ( -64 -288 -160 ) ( -64 -288 -320 ) test/wall_2 0 0 0 1 1
( -80 144 48 ) ( -64 144 48 ) ( -64 -288 -160 ) test/wall_2 0 0 0 1 1
( -64 -288 -320 ) ( -64 208 -320 ) ( -80 208 -320 ) test/wall_2 0 0 0 1 1
( -80 176 48 ) ( -64 176 48 ) ( -64 144 48 ) test/wall_2 0 0 0 1 1
( -64 176 48 ) ( -80 176 48 ) ( -80 208 16 ) test/wall_2 0 0 0 1 1
( -64 208 -320 ) ( -64 208 16 ) ( -80 208 16 ) test/wall_2 0 0 0 1 1
( -64 176 48 ) ( -64 208 16 ) ( -64 208 -320 ) test/wall_2 0 0 0 1 1
}
// brush 18
{
( -80 -288 48 ) ( -80 -288 -160 ) ( -80 144 48 ) test/wall_2 0 0 0 1 1
( -80 -288 48 ) ( -64 -288 48 ) ( -64 -288 -160 ) test/wall_2 0 0 0 1 1
( -80 144 48 ) ( -64 144 48 ) ( -64 -288 48 ) test/wall_2 0 0 0 1 1
( -64 -288 -160 ) ( -64 144 48 ) ( -80 144 48 ) test/wall_2 0 0 0 1 1
( -64 -288 48 ) ( -64 144 48 ) ( -64 -288 -160 ) test/wall_2 0 0 0 1 1
}
// brush 19
{
( -80 304 576 ) ( -80 -64 576 ) ( -80 -64 -320 ) test/steel 0 0 0 1 1
( -64 160 64 ) ( 64 176 48 ) ( -64 176 48 ) test/steel 0 0 0 1 1
( -64 208 48 ) ( -64 256 48 ) ( 64 256 48 ) test/steel 0 0 0 1 1
( -64 208 16 ) ( 64 208 48 ) ( -64 208 48 ) test/steel 0 0 0 1 1
( -64 -64 576 ) ( -64 304 576 ) ( -64 304 -320 ) test/steel 0 0 0 1 1
}
// brush 20
{
( -80 304 576 ) ( -80 -64 576 ) ( -80 -64 -320 ) test/steel 0 0 0 1 1
( -64 208 16 ) ( -64 208 48 ) ( 64 208 48 ) test/steel 0 0 0 1 1
( -64 208 48 ) ( 64 256 48 ) ( -64 256 48 ) test/steel 0 0 0 1 1
( -64 256 80 ) ( 64 208 80 ) ( -64 208 80 ) test/steel 0 0 0 1 1
( -64 256 80 ) ( -64 256 48 ) ( 64 256 48 ) test/steel 0 0 0 1 1
( -64 -64 576 ) ( -64 304 576 ) ( -64 304 -320 ) test/steel 0 0 0 1 1
}
// brush 21
{
( -80 304 576 ) ( -80 -64 576 ) ( -80 -64 -320 ) test/wall_2 0 0 0 1 1
( -64 160 64 ) ( -64 192 96 ) ( 64 192 96 ) test/wall_2 0 0 0 1 1
( -64 208 48 ) ( 64 256 48 ) ( -64 256 48 ) test/wall_2 0 0 0 1 1
( -64 160 64 ) ( -64 176 48 ) ( 64 176 48 ) test/wall_2 0 0 0 1 1
( -64 -64 576 ) ( -64 304 576 ) ( -64 304 -320 ) test/wall_2 0 0 0 1 1
}
// brush 22
{
( -80 160 64 ) ( -80 144 80 ) ( -80 -288 80 ) test/wall_2 0 0 0 1 1
( -80 -288 80 ) ( -64 -288 80 ) ( -64 -288 48 ) test/wall_2 0 0 0 1 1
( -64 -288 48 ) ( -64 144 48 ) ( -80 144 48 ) test/wall_2 0 0 0 1 1
( -80 144 80 ) ( -64 144 80 ) ( -64 -288 80 ) test/wall_2 0 0 0 1 1
( -64 144 48 ) ( -64 160 64 ) ( -80 160 64 ) test/wall_2 0 0 0 1 1
( -80 160 64 ) ( -64 160 64 ) ( -64 144 80 ) test/wall_2 0 0 0 1 1
( -64 144 80 ) ( -64 160 64 ) ( -64 144 48 ) test/wall_2 0 0 0 1 1
}
// brush 23
{
( -80 304 576 ) ( -80 -64 576 ) ( -80 -64 -320 ) test/steel 0 0 0 1 1
( -64 160 64 ) ( 64 176 48 ) ( -64 176 48 ) test/steel 0 0 0 1 1
( -64 160 64 ) ( -64 192 96 ) ( 64 192 96 ) test/steel 0 0 0 1 1
( -64 208 48 ) ( 64 256 48 ) ( -64 256 48 ) test/steel 0 0 0 1 1
( -64 256 80 ) ( 64 208 80 ) ( -64 208 80 ) test/steel 0 0 0 1 1
( -64 208 16 ) ( 64 208 48 ) ( -64 208 48 ) test/steel 0 0 0 1 1
( -64 -64 576 ) ( -64 304 576 ) ( -64 304 -320 ) test/steel 0 0 0 1 1
}
// brush 24
{
( -80 304 576 ) ( -80 -64 576 ) ( -80 -64 -320 ) test/wall_2 0 0 0 1 1
( -64 160 64 ) ( 64 176 48 ) ( -64 176 48 ) test/wall_2 0 0 0 1 1
( -64 256 80 ) ( 64 208 80 ) ( -64 208 80 ) test/wall_2 0 0 0 1 1
( -64 160 64 ) ( 64 192 96 ) ( -64 192 96 ) test/wall_2 0 0 0 1 1
( -64 -64 576 ) ( -64 304 576 ) ( -64 304 -320 ) test/wall_2 0 0 0 1 1
}
// brush 25
{
( -80 304 576 ) ( -80 -64 576 ) ( -80 -64 -320 ) test/wall_2 0 0 0 1 1
( -64 256 80 ) ( 64 256 48 ) ( -64 256 48 ) test/wall_2 0 0 0 1 1
( -64 -64 -320 ) ( -64 304 -320 ) ( -80 304 -320 ) test/wall_2 0 0 0 1 1
( -64 160 64 ) ( -64 176 48 ) ( 64 176 48 ) test/wall_2 0 0 0 1 1
( -64 304 -320 ) ( -64 304 576 ) ( -80 304 576 ) test/wall_2 0 0 0 1 1
( -64 -64 576 ) ( -64 304 576 ) ( -64 304 -320 ) test/wall_2 0 0 0 1 1
}
// brush 26
{
( -80 304 576 ) ( -80 -64 576 ) ( -80 -64 -320 ) test/wall_2 0 0 0 1 1
( -64 256 80 ) ( 64 256 48 ) ( -64 256 48 ) test/wall_2 0 0 0 1 1
( -64 160 64 ) ( 64 176 48 ) ( -64 176 48 ) test/wall_2 0 0 0 1 1
( -64 208 48 ) ( -64 256 48 ) ( 64 256 48 ) test/wall_2 0 0 0 1 1
( -64 304 -320 ) ( -64 304 576 ) ( -80 304 576 ) test/wall_2 0 0 0 1 1
( -64 -64 576 ) ( -64 304 576 ) ( -64 304 -320 ) test/wall_2 0 0 0 1 1
}
// brush 27
{
( -80 304 576 ) ( -80 -64 576 ) ( -80 -64 -320 ) test/wall_2 0 0 0 1 1
( -64 256 80 ) ( 64 256 48 ) ( -64 256 48 ) test/wall_2 0 0 0 1 1
( -64 208 48 ) ( 64 256 48 ) ( -64 256 48 ) test/wall_2 0 0 0 1 1
( -64 256 80 ) ( 64 208 80 ) ( -64 208 80 ) test/wall_2 0 0 0 1 1
( -64 304 -320 ) ( -64 304 576 ) ( -80 304 576 ) test/wall_2 0 0 0 1 1
( -64 -64 576 ) ( -64 304 576 ) ( -64 304 -320 ) test/wall_2 0 0 0 1 1
}
}
